-5707860393 
-4686010957 
-20450142060 
3817048971 
-14794740730 
521294731 
14004921733 
2184794757 
-9250842343 
-3362423113 
-14698275294 
4041476508 
4662523016 
15615639824 
6260594092 
-1513421078 
-6258223772 
-5876293627 
1578674322 
-7994786380 
13697943762 
-9783851095 
343438932 
463488777 
-4489458776 
2187668504 
-4412367778 
-2457172175 
-13118921124 
2146526586 
-4200355066 
-159560422 
-13817386517 
-7413642289 
-103971224 
-4611471188 
7070547372 
-1369020636 
-7386033936 
-7933346442 
5634985777 
-3829511280 
-4878327820 
10180159142 
-4777144684 
-5333040764 
2846341831 
-1378344223 
9399828230 
5887409519 
4182505366 
17925251811 
-3720713627 
-5230071908 
16850860399 
-5511932577 
-21754328617 
-2669286677 
6953422812 
-10599546242 
